0.000000000000000000e+00 0.000000000000000000e+00
1.000000000000000021e-02 0.000000000000000000e+00
2.000000000000000042e-02 0.000000000000000000e+00
2.999999999999999889e-02 0.000000000000000000e+00
4.000000000000000083e-02 0.000000000000000000e+00
5.000000000000000278e-02 0.000000000000000000e+00
5.999999999999999778e-02 0.000000000000000000e+00
7.000000000000000666e-02 0.000000000000000000e+00
8.000000000000000167e-02 0.000000000000000000e+00
8.999999999999999667e-02 0.000000000000000000e+00
1.000000000000000056e-01 0.000000000000000000e+00
1.100000000000000006e-01 0.000000000000000000e+00
1.199999999999999956e-01 0.000000000000000000e+00
1.300000000000000044e-01 0.000000000000000000e+00
1.400000000000000133e-01 0.000000000000000000e+00
1.499999999999999944e-01 0.000000000000000000e+00
1.600000000000000033e-01 0.000000000000000000e+00
1.700000000000000122e-01 0.000000000000000000e+00
1.799999999999999933e-01 0.000000000000000000e+00
1.900000000000000022e-01 0.000000000000000000e+00
2.000000000000000111e-01 0.000000000000000000e+00
2.099999999999999922e-01 0.000000000000000000e+00
2.200000000000000011e-01 0.000000000000000000e+00
2.300000000000000100e-01 0.000000000000000000e+00
2.399999999999999911e-01 0.000000000000000000e+00
2.500000000000000000e-01 0.000000000000000000e+00
2.600000000000000089e-01 0.000000000000000000e+00
2.700000000000000178e-01 0.000000000000000000e+00
2.800000000000000266e-01 0.000000000000000000e+00
2.899999999999999800e-01 0.000000000000000000e+00
2.999999999999999889e-01 0.000000000000000000e+00
3.099999999999999978e-01 0.000000000000000000e+00
3.200000000000000067e-01 0.000000000000000000e+00
3.300000000000000155e-01 0.000000000000000000e+00
3.400000000000000244e-01 0.000000000000000000e+00
3.500000000000000333e-01 0.000000000000000000e+00
3.599999999999999867e-01 0.000000000000000000e+00
3.699999999999999956e-01 0.000000000000000000e+00
3.800000000000000044e-01 0.000000000000000000e+00
3.900000000000000133e-01 0.000000000000000000e+00
4.000000000000000222e-01 0.000000000000000000e+00
4.100000000000000311e-01 0.000000000000000000e+00
4.199999999999999845e-01 0.000000000000000000e+00
4.299999999999999933e-01 0.000000000000000000e+00
4.400000000000000022e-01 0.000000000000000000e+00
4.500000000000000111e-01 0.000000000000000000e+00
4.600000000000000200e-01 0.000000000000000000e+00
4.700000000000000289e-01 0.000000000000000000e+00
4.799999999999999822e-01 0.000000000000000000e+00
4.899999999999999911e-01 0.000000000000000000e+00
5.000000000000000000e-01 0.000000000000000000e+00
5.100000000000000089e-01 0.000000000000000000e+00
5.200000000000000178e-01 0.000000000000000000e+00
5.300000000000000266e-01 0.000000000000000000e+00
5.400000000000000355e-01 0.000000000000000000e+00
5.500000000000000444e-01 0.000000000000000000e+00
5.600000000000000533e-01 0.000000000000000000e+00
5.700000000000000622e-01 0.000000000000000000e+00
5.799999999999999600e-01 0.000000000000000000e+00
5.899999999999999689e-01 0.000000000000000000e+00
5.999999999999999778e-01 0.000000000000000000e+00
6.099999999999999867e-01 0.000000000000000000e+00
6.199999999999999956e-01 0.000000000000000000e+00
6.300000000000000044e-01 0.000000000000000000e+00
6.400000000000000133e-01 0.000000000000000000e+00
6.500000000000000222e-01 0.000000000000000000e+00
6.600000000000000311e-01 0.000000000000000000e+00
6.700000000000000400e-01 0.000000000000000000e+00
6.800000000000000488e-01 0.000000000000000000e+00
6.900000000000000577e-01 0.000000000000000000e+00
7.000000000000000666e-01 0.000000000000000000e+00
7.099999999999999645e-01 0.000000000000000000e+00
7.199999999999999734e-01 0.000000000000000000e+00
7.299999999999999822e-01 0.000000000000000000e+00
7.399999999999999911e-01 0.000000000000000000e+00
7.500000000000000000e-01 4.154017497410783957e-17
7.600000000000000089e-01 2.925712251984518797e-16
7.700000000000000178e-01 1.891483660638656122e-15
7.800000000000000266e-01 1.161916198607059202e-14
7.900000000000000355e-01 6.656406427199279947e-14
8.000000000000000444e-01 3.551780786730008030e-13
8.100000000000000533e-01 1.770462331552830745e-12
8.200000000000000622e-01 8.258836833354889876e-12
8.300000000000000711e-01 3.612392407946844073e-11
8.399999999999999689e-01 1.484305135020837978e-10
8.499999999999999778e-01 5.739752035345026777e-10
8.599999999999999867e-01 2.092527519263447907e-09
8.699999999999999956e-01 7.204469797589594432e-09
8.800000000000000044e-01 2.346440169151007118e-08
8.900000000000000133e-01 7.240979099898081498e-08
9.000000000000000222e-01 2.120557196951543443e-07
9.100000000000000311e-01 5.902469525656965017e-07
9.200000000000000400e-01 1.563857684449560399e-06
9.300000000000000488e-01 3.949774965158979185e-06
9.400000000000000577e-01 9.523030336562426552e-06
9.500000000000000666e-01 2.194859028512986500e-05
9.599999999999999645e-01 4.842319395785712023e-05
9.699999999999999734e-01 1.023973702025850202e-04
9.799999999999999822e-01 2.078133066883573786e-04
9.899999999999999911e-01 4.052806775176762350e-04
1.000000000000000000e+00 7.604564041767258994e-04
1.010000000000000009e+00 1.374537023564477087e-03
1.020000000000000018e+00 2.396188152284231716e-03
1.030000000000000027e+00 4.033463807699463888e-03
1.040000000000000036e+00 6.563437095875901059e-03
1.050000000000000044e+00 1.033658932041087684e-02
1.060000000000000053e+00 1.577275541563857506e-02
1.070000000000000062e+00 2.334584836801763263e-02
1.080000000000000071e+00 3.355582034756491444e-02
1.090000000000000080e+00 4.688830533626055924e-02
1.100000000000000089e+00 6.376483646136456296e-02
1.110000000000000098e+00 8.448895065878396504e-02
1.120000000000000107e+00 1.091952997450396784e-01
1.130000000000000115e+00 1.378095577775719505e-01
1.140000000000000124e+00 1.700261454255037885e-01
1.150000000000000133e+00 2.053086039707348875e-01
1.159999999999999920e+00 2.429142089788345060e-01
1.169999999999999929e+00 2.819407440927005903e-01
1.179999999999999938e+00 3.213899934463742558e-01
1.189999999999999947e+00 3.602401150739600322e-01
1.199999999999999956e+00 3.975180525966902079e-01
1.209999999999999964e+00 4.323636341534557448e-01
1.219999999999999973e+00 4.640787841971599770e-01
1.229999999999999982e+00 4.921578865337540298e-01
1.239999999999999991e+00 5.162982276851043606e-01
1.250000000000000000e+00 5.363920861084227054e-01
1.260000000000000009e+00 5.525040160564765879e-01
1.270000000000000018e+00 5.648379973337449567e-01
1.280000000000000027e+00 5.736993724862188282e-01
1.290000000000000036e+00 5.794560176993907019e-01
1.300000000000000044e+00 5.825022350682257377e-01
1.310000000000000053e+00 5.832276825240152451e-01
1.320000000000000062e+00 5.819925160913287376e-01
1.330000000000000071e+00 5.791089846622842208e-01
1.340000000000000080e+00 5.748290862356025821e-01
1.350000000000000089e+00 5.693375834054849038e-01
1.360000000000000098e+00 5.627496369237732221e-01
1.370000000000000107e+00 5.551124584584034016e-01
1.380000000000000115e+00 5.464105973473459832e-01
1.390000000000000124e+00 5.365746555935898554e-01
1.400000000000000133e+00 5.254932890581897054e-01
1.409999999999999920e+00 5.130282577261672250e-01
1.419999999999999929e+00 4.990320364945285414e-01
1.429999999999999938e+00 4.833671366489865062e-01
1.439999999999999947e+00 4.659258974182222124e-01
1.449999999999999956e+00 4.466491835714867520e-01
1.459999999999999964e+00 4.255422608623327663e-01
1.469999999999999973e+00 4.026861821534590269e-01
1.479999999999999982e+00 3.782433273563725606e-01
1.489999999999999991e+00 3.524562751025467899e-01
1.500000000000000000e+00 3.256398733536137735e-01
1.510000000000000009e+00 2.981671182802579367e-01
1.520000000000000018e+00 2.704501324531300432e-01
1.530000000000000027e+00 2.429180519652621717e-01
1.540000000000000036e+00 2.159939143696135710e-01
1.550000000000000044e+00 1.900726536961062085e-01
1.560000000000000053e+00 1.655020683444073104e-01
1.570000000000000062e+00 1.425681841130571059e-01
1.580000000000000071e+00 1.214858659673325736e-01
1.590000000000000080e+00 1.023949265145479154e-01
1.600000000000000089e+00 8.536141916859263379e-02
1.610000000000000098e+00 7.038335426955523444e-02
1.620000000000000107e+00 5.739977623601166812e-02
1.630000000000000115e+00 4.630200127701740442e-02
1.640000000000000124e+00 3.694582633216468570e-02
1.650000000000000133e+00 2.916365117327381420e-02
1.660000000000000142e+00 2.277566773452202251e-02
1.669999999999999929e+00 1.759952251984900351e-02
1.679999999999999938e+00 1.345811243230371664e-02
1.689999999999999947e+00 1.018540301419228883e-02
1.699999999999999956e+00 7.630342484754289688e-03
1.709999999999999964e+00 5.659076718833147383e-03
1.719999999999999973e+00 4.155749454814582945e-03
1.729999999999999982e+00 3.022204669198556067e-03
1.739999999999999991e+00 2.176903895002037757e-03
1.750000000000000000e+00 1.553341286706540203e-03
1.760000000000000009e+00 1.098194000365789900e-03
1.770000000000000018e+00 7.693939363494112530e-04
1.780000000000000027e+00 5.342559074449787244e-04
1.790000000000000036e+00 3.677514187120970411e-04
1.800000000000000044e+00 2.509790176601911504e-04
1.810000000000000053e+00 1.698525018742223151e-04
1.820000000000000062e+00 1.140068941301443199e-04
1.830000000000000071e+00 7.590802115856931426e-05
1.840000000000000080e+00 5.014341019447891959e-05
1.850000000000000089e+00 3.286861179076890820e-05
1.860000000000000098e+00 2.138263118260866081e-05
1.870000000000000107e+00 1.380776764473234819e-05
1.880000000000000115e+00 8.851926564770617146e-06
1.890000000000000124e+00 5.634725596572043401e-06
1.900000000000000133e+00 3.562018186618410344e-06
1.910000000000000142e+00 2.236530036142345794e-06
1.919999999999999929e+00 1.395000925324671810e-06
1.929999999999999938e+00 8.644908040531583440e-07
1.939999999999999947e+00 5.323489173994274534e-07
1.949999999999999956e+00 3.257958134204843317e-07
1.959999999999999964e+00 1.981845387209610555e-07
1.969999999999999973e+00 1.198478401585655777e-07
1.979999999999999982e+00 7.205877046866766717e-08
1.989999999999999991e+00 4.308228214027471646e-08
2.000000000000000000e+00 2.561673611345301463e-08
2.010000000000000231e+00 1.515022759497992003e-08
2.020000000000000018e+00 8.913347221444460484e-09
2.030000000000000249e+00 5.217276446935987462e-09
2.040000000000000036e+00 3.038661368208307801e-09
2.049999999999999822e+00 1.761202506529653998e-09
2.060000000000000053e+00 1.015960834517386613e-09
2.069999999999999840e+00 5.833598185122601068e-10
2.080000000000000071e+00 3.334557352345602763e-10
2.089999999999999858e+00 1.897716459986643501e-10
2.100000000000000089e+00 1.075385865232904779e-10
2.109999999999999876e+00 6.068547385795873978e-11
2.120000000000000107e+00 3.410665369046995159e-11
2.129999999999999893e+00 1.909295995405977643e-11
2.140000000000000124e+00 1.064711749487803963e-11
2.149999999999999911e+00 5.915062440631993206e-12
2.160000000000000142e+00 3.274148101446991581e-12
2.169999999999999929e+00 1.805894915254185597e-12
2.180000000000000160e+00 9.926136703409708828e-13
2.189999999999999947e+00 5.437614050825208997e-13
2.200000000000000178e+00 2.968997517136255900e-13
2.209999999999999964e+00 1.615929520358520694e-13
2.220000000000000195e+00 8.767677491528380307e-14
2.229999999999999982e+00 4.742859655547925256e-14
2.240000000000000213e+00 2.558229400755044359e-14
2.250000000000000000e+00 1.375903462903572937e-14
2.260000000000000231e+00 7.382350484920820112e-15
2.270000000000000018e+00 3.946869664053124969e-15
2.280000000000000249e+00 2.105355663283448481e-15
2.290000000000000036e+00 1.120336210989577362e-15
2.300000000000000266e+00 5.941058083263451790e-16
2.310000000000000053e+00 3.162825467992957986e-16
2.319999999999999840e+00 1.671222976047226139e-16
2.330000000000000071e+00 8.988643938734543147e-17
2.339999999999999858e+00 4.581865399473402565e-17
2.350000000000000089e+00 2.431792621996401061e-17
2.359999999999999876e+00 1.182968760567524628e-17
2.370000000000000107e+00 7.672025656520976350e-18
2.379999999999999893e+00 3.731294911305275064e-18
2.390000000000000124e+00 0.000000000000000000e+00
2.399999999999999911e+00 0.000000000000000000e+00
2.410000000000000142e+00 0.000000000000000000e+00
2.419999999999999929e+00 0.000000000000000000e+00
2.430000000000000160e+00 0.000000000000000000e+00
2.439999999999999947e+00 0.000000000000000000e+00
2.450000000000000178e+00 0.000000000000000000e+00
2.459999999999999964e+00 0.000000000000000000e+00
2.470000000000000195e+00 0.000000000000000000e+00
2.479999999999999982e+00 0.000000000000000000e+00
2.490000000000000213e+00 0.000000000000000000e+00
2.500000000000000000e+00 0.000000000000000000e+00
2.510000000000000231e+00 0.000000000000000000e+00
2.520000000000000018e+00 0.000000000000000000e+00
2.530000000000000249e+00 0.000000000000000000e+00
2.540000000000000036e+00 0.000000000000000000e+00
2.550000000000000266e+00 0.000000000000000000e+00
2.560000000000000053e+00 0.000000000000000000e+00
2.569999999999999840e+00 0.000000000000000000e+00
2.580000000000000071e+00 0.000000000000000000e+00
2.589999999999999858e+00 0.000000000000000000e+00
2.600000000000000089e+00 0.000000000000000000e+00
2.609999999999999876e+00 0.000000000000000000e+00
2.620000000000000107e+00 0.000000000000000000e+00
2.629999999999999893e+00 0.000000000000000000e+00
2.640000000000000124e+00 0.000000000000000000e+00
2.649999999999999911e+00 0.000000000000000000e+00
2.660000000000000142e+00 0.000000000000000000e+00
2.669999999999999929e+00 0.000000000000000000e+00
2.680000000000000160e+00 0.000000000000000000e+00
2.689999999999999947e+00 0.000000000000000000e+00
2.700000000000000178e+00 0.000000000000000000e+00
2.709999999999999964e+00 0.000000000000000000e+00
2.720000000000000195e+00 0.000000000000000000e+00
2.729999999999999982e+00 0.000000000000000000e+00
2.740000000000000213e+00 0.000000000000000000e+00
2.750000000000000000e+00 0.000000000000000000e+00
2.760000000000000231e+00 0.000000000000000000e+00
2.770000000000000018e+00 0.000000000000000000e+00
2.780000000000000249e+00 0.000000000000000000e+00
2.790000000000000036e+00 0.000000000000000000e+00
2.800000000000000266e+00 0.000000000000000000e+00
2.810000000000000053e+00 0.000000000000000000e+00
2.819999999999999840e+00 0.000000000000000000e+00
2.830000000000000071e+00 0.000000000000000000e+00
2.839999999999999858e+00 0.000000000000000000e+00
2.850000000000000089e+00 0.000000000000000000e+00
2.859999999999999876e+00 0.000000000000000000e+00
2.870000000000000107e+00 0.000000000000000000e+00
2.879999999999999893e+00 0.000000000000000000e+00
2.890000000000000124e+00 0.000000000000000000e+00
2.899999999999999911e+00 0.000000000000000000e+00
2.910000000000000142e+00 0.000000000000000000e+00
2.919999999999999929e+00 0.000000000000000000e+00
2.930000000000000160e+00 0.000000000000000000e+00
2.939999999999999947e+00 0.000000000000000000e+00
2.950000000000000178e+00 0.000000000000000000e+00
2.959999999999999964e+00 0.000000000000000000e+00
2.970000000000000195e+00 0.000000000000000000e+00
2.979999999999999982e+00 0.000000000000000000e+00
2.990000000000000213e+00 0.000000000000000000e+00
