0.000000000000000000e+00 0.000000000000000000e+00 0.000000000000000000e+00 0.000000000000000000e+00 0.000000000000000000e+00 0.000000000000000000e+00
1.000000000000000021e-02 3.662627059261139078e-04 0.000000000000000000e+00 0.000000000000000000e+00 0.000000000000000000e+00 0.000000000000000000e+00
2.000000000000000042e-02 1.460873622018828274e-03 0.000000000000000000e+00 0.000000000000000000e+00 0.000000000000000000e+00 0.000000000000000000e+00
2.999999999999999889e-02 3.274834588129572725e-03 0.000000000000000000e+00 0.000000000000000000e+00 0.000000000000000000e+00 0.000000000000000000e+00
4.000000000000000083e-02 5.796492334852504542e-03 0.000000000000000000e+00 0.000000000000000000e+00 0.000000000000000000e+00 0.000000000000000000e+00
5.000000000000000278e-02 9.012149302100555190e-03 0.000000000000000000e+00 0.000000000000000000e+00 0.000000000000000000e+00 0.000000000000000000e+00
5.999999999999999778e-02 1.290642329552810393e-02 0.000000000000000000e+00 0.000000000000000000e+00 0.000000000000000000e+00 0.000000000000000000e+00
7.000000000000000666e-02 1.746250320710789408e-02 0.000000000000000000e+00 0.000000000000000000e+00 0.000000000000000000e+00 0.000000000000000000e+00
8.000000000000000167e-02 2.266234823817931537e-02 0.000000000000000000e+00 0.000000000000000000e+00 0.000000000000000000e+00 0.000000000000000000e+00
8.999999999999999667e-02 2.848685189562380135e-02 0.000000000000000000e+00 0.000000000000000000e+00 0.000000000000000000e+00 0.000000000000000000e+00
1.000000000000000056e-01 3.491598199588494267e-02 0.000000000000000000e+00 0.000000000000000000e+00 0.000000000000000000e+00 0.000000000000000000e+00
1.100000000000000006e-01 4.192890326031977616e-02 0.000000000000000000e+00 0.000000000000000000e+00 0.000000000000000000e+00 0.000000000000000000e+00
1.199999999999999956e-01 4.950408665208014258e-02 0.000000000000000000e+00 0.000000000000000000e+00 0.000000000000000000e+00 0.000000000000000000e+00
1.300000000000000044e-01 5.761940821779269750e-02 0.000000000000000000e+00 0.000000000000000000e+00 0.000000000000000000e+00 0.000000000000000000e+00
1.400000000000000133e-01 6.625223935425614274e-02 0.000000000000000000e+00 0.000000000000000000e+00 0.000000000000000000e+00 0.000000000000000000e+00
1.499999999999999944e-01 7.537952988155004197e-02 0.000000000000000000e+00 0.000000000000000000e+00 0.000000000000000000e+00 0.000000000000000000e+00
1.600000000000000033e-01 8.497788494542236892e-02 0.000000000000000000e+00 0.000000000000000000e+00 0.000000000000000000e+00 0.000000000000000000e+00
1.700000000000000122e-01 9.502363652526779614e-02 0.000000000000000000e+00 0.000000000000000000e+00 0.000000000000000000e+00 0.000000000000000000e+00
1.799999999999999933e-01 1.054929101497367044e-01 0.000000000000000000e+00 0.000000000000000000e+00 0.000000000000000000e+00 0.000000000000000000e+00
1.900000000000000022e-01 1.163616872959526982e-01 0.000000000000000000e+00 0.000000000000000000e+00 0.000000000000000000e+00 0.000000000000000000e+00
2.000000000000000111e-01 1.276058638553093372e-01 0.000000000000000000e+00 0.000000000000000000e+00 0.000000000000000000e+00 0.000000000000000000e+00
2.099999999999999922e-01 1.392013049790294110e-01 0.000000000000000000e+00 0.000000000000000000e+00 0.000000000000000000e+00 0.000000000000000000e+00
2.200000000000000011e-01 1.511238965635267051e-01 0.000000000000000000e+00 0.000000000000000000e+00 0.000000000000000000e+00 0.000000000000000000e+00
2.300000000000000100e-01 1.633495935946238931e-01 0.000000000000000000e+00 0.000000000000000000e+00 0.000000000000000000e+00 0.000000000000000000e+00
2.399999999999999911e-01 1.758544655377135002e-01 0.000000000000000000e+00 0.000000000000000000e+00 0.000000000000000000e+00 0.000000000000000000e+00
2.500000000000000000e-01 1.886147389357661353e-01 0.000000000000000000e+00 0.000000000000000000e+00 0.000000000000000000e+00 0.000000000000000000e+00
2.600000000000000089e-01 2.016068373570783501e-01 0.000000000000000000e+00 0.000000000000000000e+00 0.000000000000000000e+00 0.000000000000000000e+00
2.700000000000000178e-01 2.148074188186240019e-01 0.000000000000000000e+00 0.000000000000000000e+00 0.000000000000000000e+00 0.000000000000000000e+00
2.800000000000000266e-01 2.281934107979380622e-01 0.000000000000000000e+00 0.000000000000000000e+00 0.000000000000000000e+00 0.000000000000000000e+00
2.899999999999999800e-01 2.417420429359620204e-01 0.000000000000000000e+00 0.000000000000000000e+00 0.000000000000000000e+00 0.000000000000000000e+00
2.999999999999999889e-01 2.554308775246934560e-01 0.000000000000000000e+00 0.000000000000000000e+00 0.000000000000000000e+00 0.000000000000000000e+00
3.099999999999999978e-01 2.692378378664288530e-01 0.000000000000000000e+00 0.000000000000000000e+00 0.000000000000000000e+00 0.000000000000000000e+00
3.200000000000000067e-01 2.831412345855551238e-01 0.000000000000000000e+00 0.000000000000000000e+00 0.000000000000000000e+00 0.000000000000000000e+00
3.300000000000000155e-01 2.971197899689905220e-01 9.896076956860921419e-17 0.000000000000000000e+00 0.000000000000000000e+00 0.000000000000000000e+00
3.400000000000000244e-01 3.111526604073179270e-01 1.226343409539402165e-15 0.000000000000000000e+00 0.000000000000000000e+00 0.000000000000000000e+00
3.500000000000000333e-01 3.252194570052264755e-01 1.352192653941290510e-14 0.000000000000000000e+00 0.000000000000000000e+00 0.000000000000000000e+00
3.599999999999999867e-01 3.393002644269268453e-01 1.317692982467478814e-13 0.000000000000000000e+00 0.000000000000000000e+00 0.000000000000000000e+00
3.699999999999999956e-01 3.533756580393271340e-01 1.137548633609960780e-12 0.000000000000000000e+00 0.000000000000000000e+00 0.000000000000000000e+00
3.800000000000000044e-01 3.674267194109677170e-01 8.743558976160832242e-12 0.000000000000000000e+00 0.000000000000000000e+00 0.000000000000000000e+00
3.900000000000000133e-01 3.814350502073506899e-01 6.010251393518523723e-11 0.000000000000000000e+00 0.000000000000000000e+00 0.000000000000000000e+00
4.000000000000000222e-01 3.953827844418097981e-01 3.710636927283216674e-10 0.000000000000000000e+00 0.000000000000000000e+00 0.000000000000000000e+00
4.100000000000000311e-01 4.092525986761825774e-01 2.066095650563575097e-09 0.000000000000000000e+00 0.000000000000000000e+00 0.000000000000000000e+00
4.199999999999999845e-01 4.230277183004588215e-01 1.041658484651334513e-08 0.000000000000000000e+00 0.000000000000000000e+00 0.000000000000000000e+00
4.299999999999999933e-01 4.366919127977383908e-01 4.773487553374971210e-08 0.000000000000000000e+00 0.000000000000000000e+00 0.000000000000000000e+00
4.400000000000000022e-01 4.502294564065114635e-01 1.995646507230686976e-07 0.000000000000000000e+00 0.000000000000000000e+00 0.000000000000000000e+00
4.500000000000000111e-01 4.636249845398304759e-01 7.638596822413086455e-07 0.000000000000000000e+00 0.000000000000000000e+00 0.000000000000000000e+00
4.600000000000000200e-01 4.768630630960097316e-01 2.686066953610877914e-06 0.000000000000000000e+00 0.000000000000000000e+00 0.000000000000000000e+00
4.700000000000000289e-01 4.899270445122125839e-01 8.706312523898767793e-06 0.000000000000000000e+00 0.000000000000000000e+00 0.000000000000000000e+00
4.799999999999999822e-01 5.027963341435576217e-01 2.609515634468938876e-05 0.000000000000000000e+00 0.000000000000000000e+00 0.000000000000000000e+00
4.899999999999999911e-01 5.154404937672104614e-01 7.255116455321414400e-05 0.000000000000000000e+00 0.000000000000000000e+00 0.000000000000000000e+00
5.000000000000000000e-01 5.278077710861907024e-01 1.876714716562050719e-04 0.000000000000000000e+00 0.000000000000000000e+00 0.000000000000000000e+00
5.100000000000000089e-01 5.398050534503698872e-01 4.529971614405946300e-04 0.000000000000000000e+00 0.000000000000000000e+00 0.000000000000000000e+00
5.200000000000000178e-01 5.512666405921532453e-01 1.023238714606923431e-03 0.000000000000000000e+00 0.000000000000000000e+00 0.000000000000000000e+00
5.300000000000000266e-01 5.619115445617656190e-01 2.168973382856403086e-03 0.000000000000000000e+00 0.000000000000000000e+00 0.000000000000000000e+00
5.400000000000000355e-01 5.712938659150588183e-01 4.326265480348001104e-03 9.586000849694080935e-17 0.000000000000000000e+00 0.000000000000000000e+00
5.500000000000000444e-01 5.787577003010122567e-01 8.141755488341954200e-03 7.493276823009134114e-16 0.000000000000000000e+00 0.000000000000000000e+00
5.600000000000000533e-01 5.834148793785459697e-01 1.449491408556393898e-02 6.206653600948059476e-15 0.000000000000000000e+00 0.000000000000000000e+00
5.700000000000000622e-01 5.841670593020391600e-01 2.447594790618180111e-02 4.635504235404834773e-14 0.000000000000000000e+00 0.000000000000000000e+00
5.799999999999999600e-01 5.797895179319612069e-01 3.930199590933484977e-02 3.166184046622821044e-13 0.000000000000000000e+00 0.000000000000000000e+00
5.899999999999999689e-01 5.690807969220988971e-01 6.016748024777120868e-02 1.978906074929607104e-12 0.000000000000000000e+00 0.000000000000000000e+00
5.999999999999999778e-01 5.510621863586770974e-01 8.804461399626575813e-02 1.135171755519708796e-11 0.000000000000000000e+00 0.000000000000000000e+00
6.099999999999999867e-01 5.251902649419940561e-01 1.234708527745770473e-01 5.993511982364857255e-11 0.000000000000000000e+00 0.000000000000000000e+00
6.199999999999999956e-01 4.915326008522066248e-01 1.663731851084360724e-01 2.920609774209070412e-10 0.000000000000000000e+00 0.000000000000000000e+00
6.300000000000000044e-01 4.508579980530642017e-01 2.159778766139475170e-01 1.317016992323755584e-09 0.000000000000000000e+00 0.000000000000000000e+00
6.400000000000000133e-01 4.046099790301405097e-01 2.708369763596276680e-01 5.509979361638117957e-09 0.000000000000000000e+00 0.000000000000000000e+00
6.500000000000000222e-01 3.547607934304636279e-01 3.289742937949393653e-01 2.144019249908028987e-08 0.000000000000000000e+00 0.000000000000000000e+00
6.600000000000000311e-01 3.035737324743233989e-01 3.881230600533549513e-01 7.778085635856738407e-08 0.000000000000000000e+00 0.000000000000000000e+00
6.700000000000000400e-01 2.533237600247965071e-01 4.460052457867684783e-01 2.636907059563587127e-07 0.000000000000000000e+00 0.000000000000000000e+00
6.800000000000000488e-01 2.060336845026408681e-01 5.005952697504518767e-01 8.372918480825985059e-07 0.000000000000000000e+00 0.000000000000000000e+00
6.900000000000000577e-01 1.632743162119627001e-01 5.503195602677092291e-01 2.495579776319915654e-06 0.000000000000000000e+00 0.000000000000000000e+00
7.000000000000000666e-01 1.260568112977630828e-01 5.941635772823766759e-01 6.996865847325986739e-06 0.000000000000000000e+00 0.000000000000000000e+00
7.099999999999999645e-01 9.482127547970409243e-02 6.316818661431143900e-01 1.849149253457547517e-05 0.000000000000000000e+00 0.000000000000000000e+00
7.199999999999999734e-01 6.950510785671286385e-02 6.629270652455656609e-01 4.615842842952841364e-05 0.000000000000000000e+00 0.000000000000000000e+00
7.299999999999999822e-01 4.966228175355414526e-02 6.883257767782401393e-01 1.090415527246088682e-04 0.000000000000000000e+00 0.000000000000000000e+00
7.399999999999999911e-01 3.460197376875756570e-02 7.085317304643650171e-01 2.442446033461546278e-04 0.000000000000000000e+00 0.000000000000000000e+00
7.500000000000000000e-01 2.351983282744356946e-02 7.242817244938453136e-01 5.197088159001490024e-04 4.154017497410783957e-17 0.000000000000000000e+00
7.600000000000000089e-01 1.560431180672020197e-02 7.362710734244276578e-01 1.052420930610309825e-03 2.925712251984518797e-16 0.000000000000000000e+00
7.700000000000000178e-01 1.011037708189196915e-02 7.450564621683340993e-01 2.031837125739450415e-03 1.891483660638656122e-15 0.000000000000000000e+00
7.800000000000000266e-01 6.401041186677904581e-03 7.509878381680420434e-01 3.746445602722303213e-03 1.161916198607059202e-14 0.000000000000000000e+00
7.900000000000000355e-01 3.962340144707310330e-03 7.541682848540873785e-01 6.608903194027816556e-03 6.656406427199279947e-14 0.000000000000000000e+00
8.000000000000000444e-01 2.399574150826123096e-03 7.544411547451651545e-01 1.117264897516719729e-02 3.551780786730008030e-13 0.000000000000000000e+00
8.100000000000000533e-01 1.422541410543556439e-03 7.514054593797311332e-01 1.813126790237121200e-02 1.770462331552830745e-12 0.000000000000000000e+00
8.200000000000000622e-01 8.260619543995108153e-04 7.444616035034631318e-01 2.829222025195435655e-02 8.258836833354889876e-12 0.000000000000000000e+00
8.300000000000000711e-01 4.701602405720739378e-04 7.328883938854883207e-01 4.251963768763661333e-02 3.612392407946844073e-11 0.000000000000000000e+00
8.399999999999999689e-01 2.624412182290565467e-04 7.159482456841683717e-01 6.164672836117305460e-02 1.484305135020837978e-10 0.000000000000000000e+00
8.499999999999999778e-01 1.437593072683234733e-04 6.930113544403658787e-01 8.636592346920743402e-02 5.739752035345026777e-10 0.000000000000000000e+00
8.599999999999999867e-01 7.732490379144949715e-05 6.636831405360807956e-01 1.171123136525360625e-01 2.092527519263447907e-09 0.000000000000000000e+00
8.699999999999999956e-01 4.086393096245088545e-05 6.279148705446980783e-01 1.539608547880556566e-01 7.204469797589594432e-09 0.000000000000000000e+00
8.800000000000000044e-01 2.123008343797271589e-05 5.860770377395967401e-01 1.965583598924008912e-01 2.346440169151007118e-08 0.000000000000000000e+00
8.900000000000000133e-01 1.084932608239281661e-05 5.389797185200002616e-01 2.441066773993016137e-01 7.240979099898081498e-08 0.000000000000000000e+00
9.000000000000000222e-01 5.456786365373971383e-06 4.878330322044639455e-01 2.954044602617670323e-01 2.120557196951543443e-07 0.000000000000000000e+00
9.100000000000000311e-01 2.702667402774224635e-06 4.341519360555557427e-01 3.489437001085242129e-01 5.902469525656965017e-07 0.000000000000000000e+00
9.200000000000000400e-01 1.318871886666665397e-06 3.796200683676855814e-01 4.030465869526119183e-01 1.563857684449560399e-06 0.000000000000000000e+00
9.300000000000000488e-01 6.344454999939553627e-07 3.259345751735575614e-01 4.560209048617780980e-01 3.949774965158979185e-06 0.000000000000000000e+00
9.400000000000000577e-01 3.010159328680871606e-07 2.746561831681466059e-01 5.063097244601449942e-01 9.523030336562426552e-06 0.000000000000000000e+00
9.500000000000000666e-01 1.409302512429700403e-07 2.270859984764980188e-01 5.526138134298205218e-01 2.194859028512986500e-05 0.000000000000000000e+00
9.599999999999999645e-01 6.514019701415803617e-08 1.841837521658181154e-01 5.939718206816283486e-01 4.842319395785712023e-05 0.000000000000000000e+00
9.699999999999999734e-01 2.973917719478746120e-08 1.465334751596300833e-01 6.297919125083607517e-01 1.023973702025850202e-04 0.000000000000000000e+00
9.799999999999999822e-01 1.341662518008679632e-08 1.143540503572474387e-01 6.598369949852526117e-01 2.078133066883573786e-04 0.000000000000000000e+00
9.899999999999999911e-01 5.983923615609966526e-09 8.754551465961102341e-02 6.841722376617822565e-01 4.052806775176762350e-04 0.000000000000000000e+00
1.000000000000000000e+00 2.639646680152614177e-09 6.575832723274628588e-02 7.030874215761088175e-01 7.604564041767258994e-04 0.000000000000000000e+00
1.010000000000000009e+00 1.152141582973853394e-09 4.847217622058399428e-02 7.170076335332298267e-01 1.374537023564477087e-03 0.000000000000000000e+00
1.020000000000000018e+00 4.977878831466187912e-10 3.507267502584811986e-02 7.264046325046601416e-01 2.396188152284231716e-03 0.000000000000000000e+00
1.030000000000000027e+00 2.129777507990657041e-10 2.491754519510838012e-02 7.317187390984842832e-01 4.033463807699463888e-03 4.222565343571626619e-17
1.040000000000000036e+00 9.027006697845053178e-11 1.738759631266754285e-02 7.332982165575031575e-01 6.563437095875901059e-03 1.681431105585311114e-16
1.050000000000000044e+00 3.791715035372922873e-11 1.192119053269157479e-02 7.313604087853370350e-01 1.033658932041087684e-02 7.530158383603177176e-16
1.060000000000000053e+00 1.578954171825653362e-11 8.033430324110680393e-03 7.259765990114191991e-01 1.577275541563857506e-02 3.745917500021320142e-15
1.070000000000000062e+00 6.520753063183686798e-12 5.322860475539574303e-03 7.170805754265260346e-01 2.334584836801763263e-02 1.742830594733444386e-14
1.080000000000000071e+00 2.671592335058845483e-12 3.469103987000088721e-03 7.044990264604549246e-01 3.355582034756491444e-02 7.680987469330855700e-14
1.090000000000000080e+00 1.086249998486417747e-12 2.224775292348159152e-03 6.879999774804494983e-01 4.688830533626055924e-02 3.210835023966142914e-13
1.100000000000000089e+00 4.384711620006323297e-13 1.404500083231685148e-03 6.673535464357002178e-01 6.376483646136456296e-02 1.275970193120452723e-12
1.110000000000000098e+00 1.757346872059383315e-13 8.731627341711418761e-04 6.423975848243275166e-01 8.448895065878396504e-02 4.826280492355087116e-12
1.120000000000000107e+00 6.997819612076230326e-14 5.347829052868634074e-04 6.130996833265287549e-01 1.091952997450396784e-01 1.739724563248825435e-11
1.130000000000000115e+00 2.769056291532540544e-14 3.228042675981946286e-04 5.796069692741814272e-01 1.378095577775719505e-01 5.983663701006809432e-11
1.140000000000000124e+00 1.087663400752735993e-14 1.921099566612123925e-04 5.422763606153397919e-01 1.700261454255037885e-01 1.966004200217770370e-10
1.150000000000000133e+00 4.239219853523117798e-15 1.127657544548427924e-04 5.016804427188206184e-01 2.053086039707348875e-01 6.177752289282151115e-10
1.159999999999999920e+00 1.635681442993795888e-15 6.531115129130432573e-05 4.585875577411253068e-01 2.429142089788345060e-01 1.858622837489240876e-09
1.169999999999999929e+00 6.567103012411929801e-16 3.733739607269642827e-05 4.139184467892175201e-01 2.819407440927005903e-01 5.359703304792648308e-09
1.179999999999999938e+00 2.298482226975160803e-16 2.107699542274983219e-05 3.686851614563968482e-01 3.213899934463742558e-01 1.483000867548682076e-08
1.189999999999999947e+00 7.595837742151505952e-17 1.175276820709485914e-05 3.239203332467704421e-01 3.602401150739600322e-01 3.941346783512475284e-08
1.199999999999999956e+00 3.764380370271005598e-17 6.475815928064653258e-06 2.806058521863937227e-01 3.975180525966902079e-01 1.007143203398028514e-07
1.209999999999999964e+00 0.000000000000000000e+00 3.527157669096719253e-06 2.396094668935073446e-01 4.323636341534557448e-01 2.476917920677210834e-07
1.219999999999999973e+00 0.000000000000000000e+00 1.899684839948203150e-06 2.016359964019170115e-01 4.640787841971599770e-01 5.868490672565260930e-07
1.229999999999999982e+00 0.000000000000000000e+00 1.012072886175404982e-06 1.671971906897553040e-01 4.921578865337540298e-01 1.340746758759341456e-06
1.239999999999999991e+00 0.000000000000000000e+00 5.335311371256580082e-07 1.366013503104567262e-01 5.162982276851043606e-01 2.956477981582802763e-06
1.250000000000000000e+00 0.000000000000000000e+00 2.783983279794555611e-07 1.099611466759176232e-01 5.363920861084227054e-01 6.298010901959170090e-06
1.260000000000000009e+00 0.000000000000000000e+00 1.438369259739983276e-07 8.721607101842770993e-02 5.525040160564765879e-01 1.297233077976250354e-05
1.270000000000000018e+00 0.000000000000000000e+00 7.360478495482430901e-08 6.816478914093053454e-02 5.648379973337449567e-01 2.585803405969045425e-05
1.280000000000000027e+00 0.000000000000000000e+00 3.731689424069492893e-08 5.250240383783023185e-02 5.736993724862188282e-01 4.992353751366261085e-05
1.290000000000000036e+00 0.000000000000000000e+00 1.874984073456210704e-08 3.985808499843294245e-02 5.794560176993907019e-01 9.343505873667129090e-05
1.300000000000000044e+00 0.000000000000000000e+00 9.339167553105689072e-09 2.982948376308740268e-02 5.825022350682257377e-01 1.696541794241220296e-04
1.310000000000000053e+00 0.000000000000000000e+00 4.612751997748165429e-09 2.201154018874904028e-02 5.832276825240152451e-01 2.991015020421005136e-04
1.320000000000000062e+00 0.000000000000000000e+00 2.259817302704463007e-09 1.601849036691990399e-02 5.819925160913287376e-01 5.124070793896337442e-04
1.330000000000000071e+00 0.000000000000000000e+00 1.098410943280360686e-09 1.149890776375711229e-02 5.791089846622842208e-01 8.536733924247790839e-04
1.340000000000000080e+00 0.000000000000000000e+00 5.298450187353871821e-10 8.144378232205429224e-03 5.748290862356025821e-01 1.384142885681808157e-03
1.350000000000000089e+00 0.000000000000000000e+00 2.537094857876495755e-10 5.692881250833950295e-03 5.693375834054849038e-01 2.185799942058240866e-03
1.360000000000000098e+00 0.000000000000000000e+00 1.206249175163854959e-10 3.928156459634650141e-03 5.627496369237732221e-01 3.364369521141356931e-03
1.370000000000000107e+00 0.000000000000000000e+00 5.695813654027611214e-11 2.676331039020533008e-03 5.551124584584034016e-01 5.051035852633572847e-03
1.380000000000000115e+00 0.000000000000000000e+00 2.671750529232451378e-11 1.800938460742524620e-03 5.464105973473459832e-01 7.402135886751835814e-03
1.390000000000000124e+00 0.000000000000000000e+00 1.245255520127702597e-11 1.197238203304853412e-03 5.365746555935898554e-01 1.059612367662603367e-02
1.400000000000000133e+00 0.000000000000000000e+00 5.768216776546154438e-12 7.865025931847684617e-04 5.254932890581897054e-01 1.482728157875314555e-02
1.409999999999999920e+00 0.000000000000000000e+00 2.656076804136352901e-12 5.107084742113374241e-04 5.130282577261672250e-01 2.029597769413804195e-02
1.419999999999999929e+00 0.000000000000000000e+00 1.216043588277348824e-12 3.278796847399789065e-04 4.990320364945285414e-01 2.719571211864283203e-02
1.429999999999999938e+00 0.000000000000000000e+00 5.536791106474181608e-13 2.081801086472432770e-04 4.833671366489865062e-01 3.569770206616491165e-02
1.439999999999999947e+00 0.000000000000000000e+00 2.507602859358377096e-13 1.307558794008846633e-04 4.659258974182222124e-01 4.593424789217835646e-02
1.449999999999999956e+00 0.000000000000000000e+00 1.129933560560673438e-13 8.126312765186890423e-05 4.466491835714867520e-01 5.798250765675801166e-02
1.459999999999999964e+00 0.000000000000000000e+00 5.067099225026083194e-14 4.998596229560042586e-05 4.255422608623327663e-01 7.185050372958361187e-02
1.469999999999999973e+00 0.000000000000000000e+00 2.261206226522690603e-14 3.043935293552711829e-05 4.026861821534590269e-01 8.746713392922347841e-02
1.479999999999999982e+00 0.000000000000000000e+00 1.005319428388351292e-14 1.835544086065588645e-05 3.782433273563725606e-01 1.046776455310873127e-01
1.489999999999999991e+00 0.000000000000000000e+00 4.436436629030829728e-15 1.096336736813837483e-05 3.524562751025467899e-01 1.232454841337964208e-01
1.500000000000000000e+00 0.000000000000000000e+00 1.950552578392405646e-15 6.487523778075370474e-06 3.256398733536137735e-01 1.428607252673848582e-01
1.510000000000000009e+00 0.000000000000000000e+00 8.706960544236805557e-16 3.804295570396171672e-06 2.981671182802579367e-01 1.631545393365765595e-01
1.520000000000000018e+00 0.000000000000000000e+00 3.781731499661015767e-16 2.211223118078373740e-06 2.704501324531300432e-01 1.837184449287812826e-01
1.530000000000000027e+00 0.000000000000000000e+00 1.737122284822518422e-16 1.274250715971547073e-06 2.429180519652621717e-01 2.041265751910890380e-01
1.540000000000000036e+00 0.000000000000000000e+00 7.326698128557889056e-17 7.281827880598838546e-07 2.159939143696135710e-01 2.239588902693238903e-01
1.550000000000000044e+00 0.000000000000000000e+00 2.403057273080412341e-17 4.127494757123756080e-07 1.900726536961062085e-01 2.428232471382142377e-01
1.560000000000000053e+00 0.000000000000000000e+00 2.364090998786252760e-17 2.321073152154942407e-07 1.655020683444073104e-01 2.603744731964258707e-01
1.570000000000000062e+00 0.000000000000000000e+00 0.000000000000000000e+00 1.295212599433071078e-07 1.425681841130571059e-01 2.763290296153867454e-01
1.580000000000000071e+00 0.000000000000000000e+00 0.000000000000000000e+00 7.173567058159446919e-08 1.214858659673325736e-01 2.904744163277643287e-01
1.590000000000000080e+00 0.000000000000000000e+00 0.000000000000000000e+00 3.944221099536113920e-08 1.023949265145479154e-01 3.026730742749110803e-01
1.600000000000000089e+00 0.000000000000000000e+00 0.000000000000000000e+00 2.153315357362229319e-08 8.536141916859263379e-02 3.128610992390147838e-01
1.610000000000000098e+00 0.000000000000000000e+00 0.000000000000000000e+00 1.167510598643547313e-08 7.038335426955523444e-02 3.210425304552303460e-01
1.620000000000000107e+00 0.000000000000000000e+00 0.000000000000000000e+00 6.287899125584966723e-09 5.739977623601166812e-02 3.272802768376903426e-01
1.630000000000000115e+00 0.000000000000000000e+00 0.000000000000000000e+00 3.364533117933728063e-09 4.630200127701740442e-02 3.316848818527807219e-01
1.640000000000000124e+00 0.000000000000000000e+00 0.000000000000000000e+00 1.788956498514432542e-09 3.694582633216468570e-02 3.344023167109484440e-01
1.650000000000000133e+00 0.000000000000000000e+00 0.000000000000000000e+00 9.453877928553057325e-10 2.916365117327381420e-02 3.356018601462662510e-01
1.660000000000000142e+00 0.000000000000000000e+00 0.000000000000000000e+00 4.966303335783073245e-10 2.277566773452202251e-02 3.354649108360979182e-01
1.669999999999999929e+00 0.000000000000000000e+00 0.000000000000000000e+00 2.593854863414604805e-10 1.759952251984900351e-02 3.341753266807135359e-01
1.679999999999999938e+00 0.000000000000000000e+00 0.000000000000000000e+00 1.347167954594168287e-10 1.345811243230371664e-02 3.319116306368229408e-01
1.689999999999999947e+00 0.000000000000000000e+00 0.000000000000000000e+00 6.958800768899423184e-11 1.018540301419228883e-02 3.288411941371331970e-01
1.699999999999999956e+00 0.000000000000000000e+00 0.000000000000000000e+00 3.575647173851607870e-11 7.630342484754289688e-03 3.251163247199022610e-01
1.709999999999999964e+00 0.000000000000000000e+00 0.000000000000000000e+00 1.827901272255527582e-11 5.659076718833147383e-03 3.208720527298361547e-01
1.719999999999999973e+00 0.000000000000000000e+00 0.000000000000000000e+00 9.298137588035435486e-12 4.155749454814582945e-03 3.162253328035760647e-01
1.729999999999999982e+00 0.000000000000000000e+00 0.000000000000000000e+00 4.707083519300904695e-12 3.022204669198556067e-03 3.112753432020638478e-01
1.739999999999999991e+00 0.000000000000000000e+00 0.000000000000000000e+00 2.371835824883215398e-12 2.176903895002037757e-03 3.061045702112868971e-01
1.750000000000000000e+00 0.000000000000000000e+00 0.000000000000000000e+00 1.189756120594999651e-12 1.553341286706540203e-03 3.007803948068636934e-01
1.760000000000000009e+00 0.000000000000000000e+00 0.000000000000000000e+00 5.942136851102889000e-13 1.098194000365789900e-03 2.953569440117957412e-01
1.770000000000000018e+00 0.000000000000000000e+00 0.000000000000000000e+00 2.955124885965599682e-13 7.693939363494112530e-04 2.898770208977720642e-01
1.780000000000000027e+00 0.000000000000000000e+00 0.000000000000000000e+00 1.463732305552859039e-13 5.342559074449787244e-04 2.843739781651483112e-01
1.790000000000000036e+00 0.000000000000000000e+00 0.000000000000000000e+00 7.220365961255296844e-14 3.677514187120970411e-04 2.788734461131003317e-01
1.800000000000000044e+00 0.000000000000000000e+00 0.000000000000000000e+00 3.548476453680891361e-14 2.509790176601911504e-04 2.733948640393289442e-01
1.810000000000000053e+00 0.000000000000000000e+00 0.000000000000000000e+00 1.736939082626195130e-14 1.698525018742223151e-04 2.679527937802192450e-01
1.820000000000000062e+00 0.000000000000000000e+00 0.000000000000000000e+00 8.471692514116690110e-15 1.140068941301443199e-04 2.625580154795161270e-01
1.830000000000000071e+00 0.000000000000000000e+00 0.000000000000000000e+00 4.127701554177239489e-15 7.590802115856931426e-05 2.572184197475463896e-01
1.840000000000000080e+00 0.000000000000000000e+00 0.000000000000000000e+00 2.000319368614683973e-15 5.014341019447891959e-05 2.519397184951203128e-01
1.850000000000000089e+00 0.000000000000000000e+00 0.000000000000000000e+00 9.588508224114549393e-16 3.286861179076890820e-05 2.467260003319866890e-01
1.860000000000000098e+00 0.000000000000000000e+00 0.000000000000000000e+00 4.694052858467761444e-16 2.138263118260866081e-05 2.415801568459920445e-01
1.870000000000000107e+00 0.000000000000000000e+00 0.000000000000000000e+00 2.231995814785484704e-16 1.380776764473234819e-05 2.365042044620118689e-01
1.880000000000000115e+00 0.000000000000000000e+00 0.000000000000000000e+00 1.028103716565340396e-16 8.851926564770617146e-06 2.314995238145295953e-01
1.890000000000000124e+00 0.000000000000000000e+00 0.000000000000000000e+00 5.030923900512320611e-17 5.634725596572043401e-06 2.265670353111694790e-01
1.900000000000000133e+00 0.000000000000000000e+00 0.000000000000000000e+00 2.461485329794627093e-17 3.562018186618410344e-06 2.217073262626338692e-01
1.910000000000000142e+00 0.000000000000000000e+00 0.000000000000000000e+00 1.204164426018241578e-17 2.236530036142345794e-06 2.169207418823062561e-01
1.919999999999999929e+00 0.000000000000000000e+00 0.000000000000000000e+00 0.000000000000000000e+00 1.395000925324671810e-06 2.122074497619862443e-01
1.929999999999999938e+00 0.000000000000000000e+00 0.000000000000000000e+00 0.000000000000000000e+00 8.644908040531583440e-07 2.075674851638126539e-01
1.939999999999999947e+00 0.000000000000000000e+00 0.000000000000000000e+00 0.000000000000000000e+00 5.323489173994274534e-07 2.030007826286436001e-01
1.949999999999999956e+00 0.000000000000000000e+00 0.000000000000000000e+00 0.000000000000000000e+00 3.257958134204843317e-07 1.985071979501395190e-01
1.959999999999999964e+00 0.000000000000000000e+00 0.000000000000000000e+00 0.000000000000000000e+00 1.981845387209610555e-07 1.940865234474111467e-01
1.969999999999999973e+00 0.000000000000000000e+00 0.000000000000000000e+00 0.000000000000000000e+00 1.198478401585655777e-07 1.897384986286409503e-01
1.979999999999999982e+00 0.000000000000000000e+00 0.000000000000000000e+00 0.000000000000000000e+00 7.205877046866766717e-08 1.854628177175682291e-01
1.989999999999999991e+00 0.000000000000000000e+00 0.000000000000000000e+00 0.000000000000000000e+00 4.308228214027471646e-08 1.812591350646023669e-01
2.000000000000000000e+00 0.000000000000000000e+00 0.000000000000000000e+00 0.000000000000000000e+00 2.561673611345301463e-08 1.771270691430452127e-01
2.010000000000000231e+00 0.000000000000000000e+00 0.000000000000000000e+00 0.000000000000000000e+00 1.515022759497992003e-08 1.730662056049782072e-01
2.020000000000000018e+00 0.000000000000000000e+00 0.000000000000000000e+00 0.000000000000000000e+00 8.913347221444460484e-09 1.690760997147189304e-01
2.030000000000000249e+00 0.000000000000000000e+00 0.000000000000000000e+00 0.000000000000000000e+00 5.217276446935987462e-09 1.651562783705113613e-01
2.040000000000000036e+00 0.000000000000000000e+00 0.000000000000000000e+00 0.000000000000000000e+00 3.038661368208307801e-09 1.613062418526288733e-01
2.049999999999999822e+00 0.000000000000000000e+00 0.000000000000000000e+00 0.000000000000000000e+00 1.761202506529653998e-09 1.575254653876153876e-01
2.060000000000000053e+00 0.000000000000000000e+00 0.000000000000000000e+00 0.000000000000000000e+00 1.015960834517386613e-09 1.538134005863869003e-01
2.069999999999999840e+00 0.000000000000000000e+00 0.000000000000000000e+00 0.000000000000000000e+00 5.833598185122601068e-10 1.501694767929674657e-01
2.080000000000000071e+00 0.000000000000000000e+00 0.000000000000000000e+00 0.000000000000000000e+00 3.334557352345602763e-10 1.465931023670932476e-01
2.089999999999999858e+00 0.000000000000000000e+00 0.000000000000000000e+00 0.000000000000000000e+00 1.897716459986643501e-10 1.430836659152374957e-01
2.100000000000000089e+00 0.000000000000000000e+00 0.000000000000000000e+00 0.000000000000000000e+00 1.075385865232904779e-10 1.396405374790924414e-01
2.109999999999999876e+00 0.000000000000000000e+00 0.000000000000000000e+00 0.000000000000000000e+00 6.068547385795873978e-11 1.362630696870997804e-01
2.120000000000000107e+00 0.000000000000000000e+00 0.000000000000000000e+00 0.000000000000000000e+00 3.410665369046995159e-11 1.329505988724502541e-01
2.129999999999999893e+00 0.000000000000000000e+00 0.000000000000000000e+00 0.000000000000000000e+00 1.909295995405977643e-11 1.297024461596758826e-01
2.140000000000000124e+00 0.000000000000000000e+00 0.000000000000000000e+00 0.000000000000000000e+00 1.064711749487803963e-11 1.265179185211295632e-01
2.149999999999999911e+00 0.000000000000000000e+00 0.000000000000000000e+00 0.000000000000000000e+00 5.915062440631993206e-12 1.233963098041942069e-01
2.160000000000000142e+00 0.000000000000000000e+00 0.000000000000000000e+00 0.000000000000000000e+00 3.274148101446991581e-12 1.203369017297647448e-01
2.169999999999999929e+00 0.000000000000000000e+00 0.000000000000000000e+00 0.000000000000000000e+00 1.805894915254185597e-12 1.173389648623995585e-01
2.180000000000000160e+00 0.000000000000000000e+00 0.000000000000000000e+00 0.000000000000000000e+00 9.926136703409708828e-13 1.144017595524505493e-01
2.189999999999999947e+00 0.000000000000000000e+00 0.000000000000000000e+00 0.000000000000000000e+00 5.437614050825208997e-13 1.115245368504392820e-01
2.200000000000000178e+00 0.000000000000000000e+00 0.000000000000000000e+00 0.000000000000000000e+00 2.968997517136255900e-13 1.087065393939330299e-01
2.209999999999999964e+00 0.000000000000000000e+00 0.000000000000000000e+00 0.000000000000000000e+00 1.615929520358520694e-13 1.059470022671788747e-01
2.220000000000000195e+00 0.000000000000000000e+00 0.000000000000000000e+00 0.000000000000000000e+00 8.767677491528380307e-14 1.032451538337516850e-01
2.229999999999999982e+00 0.000000000000000000e+00 0.000000000000000000e+00 0.000000000000000000e+00 4.742859655547925256e-14 1.006002165424988992e-01
2.240000000000000213e+00 0.000000000000000000e+00 0.000000000000000000e+00 0.000000000000000000e+00 2.558229400755044359e-14 9.801140770706583127e-02
2.250000000000000000e+00 0.000000000000000000e+00 0.000000000000000000e+00 0.000000000000000000e+00 1.375903462903572937e-14 9.547794025931147233e-02
2.260000000000000231e+00 0.000000000000000000e+00 0.000000000000000000e+00 0.000000000000000000e+00 7.382350484920820112e-15 9.299902347693364546e-02
2.270000000000000018e+00 0.000000000000000000e+00 0.000000000000000000e+00 0.000000000000000000e+00 3.946869664053124969e-15 9.057386368564018797e-02
2.280000000000000249e+00 0.000000000000000000e+00 0.000000000000000000e+00 0.000000000000000000e+00 2.105355663283448481e-15 8.820166493621327264e-02
2.290000000000000036e+00 0.000000000000000000e+00 0.000000000000000000e+00 0.000000000000000000e+00 1.120336210989577362e-15 8.588162965683299177e-02
2.300000000000000266e+00 0.000000000000000000e+00 0.000000000000000000e+00 0.000000000000000000e+00 5.941058083263451790e-16 8.361295928102835395e-02
2.310000000000000053e+00 0.000000000000000000e+00 0.000000000000000000e+00 0.000000000000000000e+00 3.162825467992957986e-16 8.139485485164332790e-02
2.319999999999999840e+00 0.000000000000000000e+00 0.000000000000000000e+00 0.000000000000000000e+00 1.671222976047226139e-16 7.922651760120065501e-02
2.330000000000000071e+00 0.000000000000000000e+00 0.000000000000000000e+00 0.000000000000000000e+00 8.988643938734543147e-17 7.710714950905712961e-02
2.339999999999999858e+00 0.000000000000000000e+00 0.000000000000000000e+00 0.000000000000000000e+00 4.581865399473402565e-17 7.503595383573420652e-02
2.350000000000000089e+00 0.000000000000000000e+00 0.000000000000000000e+00 0.000000000000000000e+00 2.431792621996401061e-17 7.301213563478474444e-02
2.359999999999999876e+00 0.000000000000000000e+00 0.000000000000000000e+00 0.000000000000000000e+00 1.182968760567524628e-17 7.103490224252631546e-02
2.370000000000000107e+00 0.000000000000000000e+00 0.000000000000000000e+00 0.000000000000000000e+00 7.672025656520976350e-18 6.910346374588714757e-02
2.379999999999999893e+00 0.000000000000000000e+00 0.000000000000000000e+00 0.000000000000000000e+00 3.731294911305275064e-18 6.721703342848828200e-02
2.390000000000000124e+00 0.000000000000000000e+00 0.000000000000000000e+00 0.000000000000000000e+00 0.000000000000000000e+00 6.537482819486145624e-02
2.399999999999999911e+00 0.000000000000000000e+00 0.000000000000000000e+00 0.000000000000000000e+00 0.000000000000000000e+00 6.357606897234971410e-02
2.410000000000000142e+00 0.000000000000000000e+00 0.000000000000000000e+00 0.000000000000000000e+00 0.000000000000000000e+00 6.181998108967526329e-02
2.419999999999999929e+00 0.000000000000000000e+00 0.000000000000000000e+00 0.000000000000000000e+00 0.000000000000000000e+00 6.010579463029546571e-02
2.430000000000000160e+00 0.000000000000000000e+00 0.000000000000000000e+00 0.000000000000000000e+00 0.000000000000000000e+00 5.843274475737185447e-02
2.439999999999999947e+00 0.000000000000000000e+00 0.000000000000000000e+00 0.000000000000000000e+00 0.000000000000000000e+00 5.680007200528856132e-02
2.450000000000000178e+00 0.000000000000000000e+00 0.000000000000000000e+00 0.000000000000000000e+00 0.000000000000000000e+00 5.520702252995495635e-02
2.459999999999999964e+00 0.000000000000000000e+00 0.000000000000000000e+00 0.000000000000000000e+00 0.000000000000000000e+00 5.365284830640483504e-02
2.470000000000000195e+00 0.000000000000000000e+00 0.000000000000000000e+00 0.000000000000000000e+00 0.000000000000000000e+00 5.213680725716559466e-02
2.479999999999999982e+00 0.000000000000000000e+00 0.000000000000000000e+00 0.000000000000000000e+00 0.000000000000000000e+00 5.065816328830451826e-02
2.490000000000000213e+00 0.000000000000000000e+00 0.000000000000000000e+00 0.000000000000000000e+00 0.000000000000000000e+00 4.921618620173433961e-02
2.500000000000000000e+00 0.000000000000000000e+00 0.000000000000000000e+00 0.000000000000000000e+00 0.000000000000000000e+00 4.781015144219995933e-02
2.510000000000000231e+00 0.000000000000000000e+00 0.000000000000000000e+00 0.000000000000000000e+00 0.000000000000000000e+00 4.643933962545986061e-02
2.520000000000000018e+00 0.000000000000000000e+00 0.000000000000000000e+00 0.000000000000000000e+00 0.000000000000000000e+00 4.510303578088580012e-02
2.530000000000000249e+00 0.000000000000000000e+00 0.000000000000000000e+00 0.000000000000000000e+00 0.000000000000000000e+00 4.380052822777050908e-02
2.540000000000000036e+00 0.000000000000000000e+00 0.000000000000000000e+00 0.000000000000000000e+00 0.000000000000000000e+00 4.253110699126708832e-02
2.550000000000000266e+00 0.000000000000000000e+00 0.000000000000000000e+00 0.000000000000000000e+00 0.000000000000000000e+00 4.129406165280023744e-02
2.560000000000000053e+00 0.000000000000000000e+00 0.000000000000000000e+00 0.000000000000000000e+00 0.000000000000000000e+00 4.008867852328829723e-02
2.569999999999999840e+00 0.000000000000000000e+00 0.000000000000000000e+00 0.000000000000000000e+00 0.000000000000000000e+00 3.891423702834857778e-02
2.580000000000000071e+00 0.000000000000000000e+00 0.000000000000000000e+00 0.000000000000000000e+00 0.000000000000000000e+00 3.777000520596763417e-02
2.589999999999999858e+00 0.000000000000000000e+00 0.000000000000000000e+00 0.000000000000000000e+00 0.000000000000000000e+00 3.665523424212388526e-02
2.600000000000000089e+00 0.000000000000000000e+00 0.000000000000000000e+00 0.000000000000000000e+00 0.000000000000000000e+00 3.556915201150012001e-02
2.609999999999999876e+00 0.000000000000000000e+00 0.000000000000000000e+00 0.000000000000000000e+00 0.000000000000000000e+00 3.451095565096470863e-02
2.620000000000000107e+00 0.000000000000000000e+00 0.000000000000000000e+00 0.000000000000000000e+00 0.000000000000000000e+00 3.347980327387687499e-02
2.629999999999999893e+00 0.000000000000000000e+00 0.000000000000000000e+00 0.000000000000000000e+00 0.000000000000000000e+00 3.247480503265364610e-02
2.640000000000000124e+00 0.000000000000000000e+00 0.000000000000000000e+00 0.000000000000000000e+00 0.000000000000000000e+00 3.149501385229364070e-02
2.649999999999999911e+00 0.000000000000000000e+00 0.000000000000000000e+00 0.000000000000000000e+00 0.000000000000000000e+00 3.053941628291724497e-02
2.660000000000000142e+00 0.000000000000000000e+00 0.000000000000000000e+00 0.000000000000000000e+00 0.000000000000000000e+00 2.960692404637647185e-02
2.669999999999999929e+00 0.000000000000000000e+00 0.000000000000000000e+00 0.000000000000000000e+00 0.000000000000000000e+00 2.869636696959939129e-02
2.680000000000000160e+00 0.000000000000000000e+00 0.000000000000000000e+00 0.000000000000000000e+00 0.000000000000000000e+00 2.780648809259531409e-02
2.689999999999999947e+00 0.000000000000000000e+00 0.000000000000000000e+00 0.000000000000000000e+00 0.000000000000000000e+00 2.693594179800982980e-02
2.700000000000000178e+00 0.000000000000000000e+00 0.000000000000000000e+00 0.000000000000000000e+00 0.000000000000000000e+00 2.608329581806637446e-02
2.709999999999999964e+00 0.000000000000000000e+00 0.000000000000000000e+00 0.000000000000000000e+00 0.000000000000000000e+00 2.524703792178361467e-02
2.720000000000000195e+00 0.000000000000000000e+00 0.000000000000000000e+00 0.000000000000000000e+00 0.000000000000000000e+00 2.442558796199491289e-02
2.729999999999999982e+00 0.000000000000000000e+00 0.000000000000000000e+00 0.000000000000000000e+00 0.000000000000000000e+00 2.361731576436112978e-02
2.740000000000000213e+00 0.000000000000000000e+00 0.000000000000000000e+00 0.000000000000000000e+00 0.000000000000000000e+00 2.282056507184890976e-02
2.750000000000000000e+00 0.000000000000000000e+00 0.000000000000000000e+00 0.000000000000000000e+00 0.000000000000000000e+00 2.203368342754613921e-02
2.760000000000000231e+00 0.000000000000000000e+00 0.000000000000000000e+00 0.000000000000000000e+00 0.000000000000000000e+00 2.125505750271805203e-02
2.770000000000000018e+00 0.000000000000000000e+00 0.000000000000000000e+00 0.000000000000000000e+00 0.000000000000000000e+00 2.048315297855276412e-02
2.780000000000000249e+00 0.000000000000000000e+00 0.000000000000000000e+00 0.000000000000000000e+00 0.000000000000000000e+00 1.971655769692881241e-02
2.790000000000000036e+00 0.000000000000000000e+00 0.000000000000000000e+00 0.000000000000000000e+00 0.000000000000000000e+00 1.895402643848507693e-02
2.800000000000000266e+00 0.000000000000000000e+00 0.000000000000000000e+00 0.000000000000000000e+00 0.000000000000000000e+00 1.819452539624981380e-02
2.810000000000000053e+00 0.000000000000000000e+00 0.000000000000000000e+00 0.000000000000000000e+00 0.000000000000000000e+00 1.743727421850381834e-02
2.819999999999999840e+00 0.000000000000000000e+00 0.000000000000000000e+00 0.000000000000000000e+00 0.000000000000000000e+00 1.668178341837663753e-02
2.830000000000000071e+00 0.000000000000000000e+00 0.000000000000000000e+00 0.000000000000000000e+00 0.000000000000000000e+00 1.592788500499049686e-02
2.839999999999999858e+00 0.000000000000000000e+00 0.000000000000000000e+00 0.000000000000000000e+00 0.000000000000000000e+00 1.517575438708678760e-02
2.850000000000000089e+00 0.000000000000000000e+00 0.000000000000000000e+00 0.000000000000000000e+00 0.000000000000000000e+00 1.442592192956576938e-02
2.859999999999999876e+00 0.000000000000000000e+00 0.000000000000000000e+00 0.000000000000000000e+00 0.000000000000000000e+00 1.367927299006636496e-02
2.870000000000000107e+00 0.000000000000000000e+00 0.000000000000000000e+00 0.000000000000000000e+00 0.000000000000000000e+00 1.293703580070708868e-02
2.879999999999999893e+00 0.000000000000000000e+00 0.000000000000000000e+00 0.000000000000000000e+00 0.000000000000000000e+00 1.220075715575104705e-02
2.890000000000000124e+00 0.000000000000000000e+00 0.000000000000000000e+00 0.000000000000000000e+00 0.000000000000000000e+00 1.147226648054257975e-02
2.899999999999999911e+00 0.000000000000000000e+00 0.000000000000000000e+00 0.000000000000000000e+00 0.000000000000000000e+00 1.075362945003281723e-02
2.910000000000000142e+00 0.000000000000000000e+00 0.000000000000000000e+00 0.000000000000000000e+00 0.000000000000000000e+00 1.004709285747627627e-02
2.919999999999999929e+00 0.000000000000000000e+00 0.000000000000000000e+00 0.000000000000000000e+00 0.000000000000000000e+00 9.355022871013538369e-03
2.930000000000000160e+00 0.000000000000000000e+00 0.000000000000000000e+00 0.000000000000000000e+00 0.000000000000000000e+00 8.679839130740774067e-03
2.939999999999999947e+00 0.000000000000000000e+00 0.000000000000000000e+00 0.000000000000000000e+00 0.000000000000000000e+00 8.023947313720860078e-03
2.950000000000000178e+00 0.000000000000000000e+00 0.000000000000000000e+00 0.000000000000000000e+00 0.000000000000000000e+00 7.389672821796990608e-03
2.959999999999999964e+00 0.000000000000000000e+00 0.000000000000000000e+00 0.000000000000000000e+00 0.000000000000000000e+00 6.779198130186256908e-03
2.970000000000000195e+00 0.000000000000000000e+00 0.000000000000000000e+00 0.000000000000000000e+00 0.000000000000000000e+00 6.194506086603742204e-03
2.979999999999999982e+00 0.000000000000000000e+00 0.000000000000000000e+00 0.000000000000000000e+00 0.000000000000000000e+00 5.637331092334942409e-03
2.990000000000000213e+00 0.000000000000000000e+00 0.000000000000000000e+00 0.000000000000000000e+00 0.000000000000000000e+00 5.109119655641339471e-03
